[frame.Properties()]
{68885FE3-289E-40E5-A845-BB0DD5C2977E} : ?                                                 : Windows.Foundation.IReference`1<UInt32>                 => 1
{8F3E35E7-2DCD-4887-8622-2A58BAA652B0} : MFSampleExtension_DeviceTimestamp                 : Windows.Foundation.IReference`1<UInt64>                 => [device_timestamp]
{2EBE23A8-FAF5-444A-A6A2-EB810880AB5D} : MFSampleExtension_CaptureMetadata                 : Windows.Foundation.Collections.IMapView`2<Guid, Object> => [?]
{941CE0A3-6AE3-4DDA-9A08-A64298340617} : MFSampleExtension_BottomFieldFirst                : Windows.Foundation.IReference`1<UInt32>                 => 1
{9031A60B-E7F6-4FEF-BA22-1A8B4C0E497C} : ? (frame index?)                                  : Windows.Foundation.IReference`1<UInt32>                 => starts at 20 or 21 and increases by 1
{6523775A-BA2D-405F-B2C5-01FF88E2E8F6} : MFSampleExtension_DeviceReferenceSystemTime       : Windows.Foundation.IReference`1<UInt64>                 => [device_timestamp]
{4E45358E-A074-45FD-BF74-B290D5384D58} : ?                                                 : Windows.Foundation.IReference`1<UInt32>                 => 0
{C4139297-2CEC-47C6-9CDF-6DB62EE6DF72} : MF_ALLOCATOR_TOTAL_BUFFER_COUNT                   : Windows.Foundation.IReference`1<UInt32>                 => 6
{9CDF01D9-A0F0-43BA-B077-EAA06CBD728A} : MFSampleExtension_Discontinuity                   : Windows.Foundation.IReference`1<UInt32>                 => 0
{9BEC3FD1-D3FD-4816-8943-DBFEB5B43372} : MFSampleExtension_FrameServer_AllocatorType       : Windows.Foundation.IReferenceArray`1<UInt8>             => {24, [0, 0, 0, 0, 0, 0, 0, 0, 0, 0, 0, 0, 0, 0, 0, 0, 3, 0, 0, 0, 0, 0, 0, 0]}
{137E6B95-4CAD-4CB9-9B7F-65CEF2068A41} : MFSampleExtension_EOS                             : Windows.Foundation.IReference`1<UInt32>                 => 0
{03FFDCB2-C32C-4B92-98FF-87C0333DB253} : MFSampleExtension_FSMediaTypeInfo                 : Windows.Foundation.IReferenceArray`1<UInt8>             => {40, [3, 0, 0, 0, 2, 0, 0, 0, 0, 0, 0, 0, 78, 86, 49, 50, 78, 86, 49, 50, 0, 0, 16, 0, 128, 0, 0, 170, 0, 56, 155, 113, 128, 7, 0, 0, 56, 4, 0, 0]}
{6B761658-B7EC-4C3B-8225-8623CABEC31D} : MFSampleExtension_CameraExtrinsics                : Windows.Foundation.IReferenceArray`1<UInt8>             => {48, [1, 0, 0, 0, 81, 26, 21, 1, 29, 241, 125, 73, 132, 25, 89, 228, 167, 230, 68, 222, 43, 11, 110, 59, 59, 192, 76, 189, 163, 211, 90, 60, 250, 51, 55, 63, 173, 199, 50, 191, 171, 223, 248, 58, 47, 200, 75, 188]} : float, 5 garbage? followed by rignode transform translation (y,x,z) and quaternion (x,y,z,w), constant
{3680913A-0E20-4B48-9364-BE67FBF1A5E6} : _FrameServerClient_SampleMediaTypeIndex           : Windows.Foundation.IReference`1<UInt32>                 => 1
{9CDF01D8-A0F0-43BA-B077-EAA06CBD728A} : MFSampleExtension_CleanPoint                      : Windows.Foundation.IReference`1<UInt32>                 => 1
{4EE3B6C5-6A15-4E72-9761-70C1DB8B9FE3} : MFSampleExtension_PinholeCameraIntrinsics         : Windows.Foundation.IReferenceArray`1<UInt8>             => {48, [1, 0, 0, 0, 128, 7, 0, 0, 56, 4, 0, 0, 152, 184, 181, 68, 96, 254, 181, 68, 82, 78, 108, 68, 45, 111, 255, 67, 0, 0, 0, 0, 0, 0, 0, 0, 0, 0, 0, 0, 0, 0, 0, 0, 0, 0, 0, 0]} : float, same as CameraIntrinsics(), 3 garbage? followed by intrinsics (fx, fy, cx, cy) followed by 5 zeros, not constant
{B1D5830A-DEB8-40E3-90FA-389943716461} : MFSampleExtension_Interlaced                      : Windows.Foundation.IReference`1<UInt32>                 => 1
{3524E3B0-C355-49F1-B8B0-D0DD62DE37A7} : MFSampleExtension_CameraExtrinsicsCalibrationType : Windows.Foundation.IReference`1<UInt32>                 => 1

[MFSampleExtension_CaptureMetadata]
{16b9ae99-cd84-4063-879d-a28c7633729e} : MF_CAPTURE_METADATA_EXPOSURE_TIME               : Windows.Foundation.IReference`1<UInt64>     => 326610
{d198aa75-4b62-4345-abf3-3c31fa12c299} : MF_CAPTURE_METADATA_EXPOSURE_COMPENSATION       : Windows.Foundation.IReferenceArray`1<UInt8> => {16, [1, 0, 0, 0, 0, 0, 0, 0, 0, 0, 0, 0, 110, 0, 0, 0]}
{e528a68f-b2e3-44fe-8b65-07bf4b5a13ff} : MF_CAPTURE_METADATA_ISO_SPEED                   : Windows.Foundation.IReference`1<UInt32>     => 3200
{9cc3b54d-5ed3-4bae-b388-7670aef59e13} : MF_CAPTURE_METADATA_SCENE_MODE                  : Windows.Foundation.IReference`1<UInt64>     => 0
{05802ac9-0e1d-41c7-a8c8-7e7369f84e1e} : MF_CAPTURE_METADATA_ISO_GAINS                   : Windows.Foundation.IReferenceArray`1<UInt8> => {8, [44, 187, 254, 65, 97, 121, 3, 64]}
{db51357e-9d3d-4962-b06d-07ce650d9a0a} : MF_CAPTURE_METADATA_SENSORFRAMERATE             : Windows.Foundation.IReference`1<UInt64>     => 143165575101678568
{b5fc8e86-11d1-4e70-819b-723a89fa4520} : MF_CAPTURE_METADATA_LENS_POSITION (a.k.a Focus) : Windows.Foundation.IReference`1<UInt32>     => 2145
{9252077b-2680-49b9-ae02-b19075973b70} : MF_CAPTURE_METADATA_FRAME_RAWSTREAM             : Windows.Foundation.IReferenceArray`1<UInt8> => {4846, [15, 0, 0, 128, 104, 0, 0, 0, 46, 0, 0, 0, 0, 0, 0, 0, 0, 0, 0, 0, 0, 0, 0, 0, 46, 0, 0, 0, 0, 0, 0, 0, 159, 250, 51, 50, 68, 0, 0, 0, 1, 0, 0, 0, 1, 0, 0, 0, 0, 0, 0, 0, 0, 0, 0, 0, 1, 0, 0, 0, 1, 0, 0, 0, 0, 0, 0, 0, 0, 0, 0, 0, 0, 0, 0, 0, 0, 0, 0, 0, 0, 0, 0, 0, 0, 0, 0, 0, 0, 0, 0, 0, 0, 0, 0, 0, 0, 0, 0, 0, 0, 0, 0, 0, 14, 0, 0, 128, 16, 0, 0, 0, 0, 0, 0, 0, 0, 0, 0, 0, 3, 0, 0, 128, 224, 0, 0, 0, 1, 0, 0, 0, 0, 0, 0, 0, 3, 0, 0, 0, 0, 0, 0, 0, 1, 0, 0, 0, 0, 0, 0, 0, 210, 251, 4, 0, 0, 0, 0, 0, 1, 0, 0, 0, 0, 0, 0, 0, 0, 0, 0, 0, 0, 0, 0, 0, 1, 0, 0, 0, 0, 0, 0, 0, 128, 12, 0, 0, 0, 0, 0, 0, 1, 0, 0, 0, 0, 0, 0, 0, 97, 8, 0, 0, 0, 0, 0, 0, 1, 0, 0, 0, 0, 0, 0, 0, 0, 0, 0, 0, 0, 0, 0, 0, 1, 0, 0, 0, 0, 0, 0, 0, 74, 8, 0, 0, 0, 0, 0, 0, 1, 0, 0, 0, 44, 187, 254, 65, 97, 121, 3, 64, 0, 0, 0, 0, 1, 0, 0, 0, 0, 0, 0, 0, 30, 0, 0, 0, 0, 0, 0, 0, 1, 0, 0, 0, 0, 0, 128, 63, 43, 156, 148, 63, 151, 24, 125, 64, 46, 0, 0, 0, 1, 0, 0, 0, 0, 0, 0, 0, 0, 0, 0, 0, 0, 0, 0, 0, 0, 0, 0, 0, 0, 0, 0, 0, 0, 0, 0, 0, 0, 0, 0, 0, 0, 0, 0, 0, 0, 0, 0, 0, 0, 0, 0, 0, 0, 0, 0, 0, 0, 0, 0, 0, 10, 0, 0, 128, 24, 0, 0, 0, 0, 0, 128, 63, 128, 17, 0, 0, 249, 6, 0, 0, 0, 0, 0, 0, 9, 0, 0, 128, 104, 16, 0, 0, 84, 12, 0, 0, 1, 0, 0, 0, 76, 12, 0, 0, 0, 1, 0, 0, 2, 0, 0, 0, 14, 0, 0, 0, 224, 7, 0, 0, 110, 4, 0, 0, 0, 0, 0, 0, 0, 0, 0, 0, 223, 7, 0, 0, 109, 4, 0, 0, 12, 4, 0, 0, 2, 0, 0, 0, 0, 0, 0, 0, 15, 3, 0, 0, 141, 13, 0, 0, 54, 37, 0, 0, 188, 57, 0, 0, 235, 80, 0, 0, 77, 86, 0, 0, 169, 82, 0, 0, 188, 78, 0, 0, 62, 67, 0, 0, 44, 58, 0, 0, 187, 50, 0, 0, 14, 47, 0, 0, 172, 42, 0, 0, 220, 40, 0, 0, 170, 39, 0, 0, 74, 39, 0, 0, 18, 40, 0, 0, 97, 40, 0, 0, 130, 42, 0, 0, 250, 43, 0, 0, 90, 47, 0, 0, 215, 48, 0, 0, 155, 49, 0, 0, 111, 51, 0, 0, 5, 51, 0, 0, 165, 50, 0, 0, 133, 48, 0, 0, 236, 45, 0, 0, 168, 43, 0, 0, 231, 40, 0, 0, 47, 38, 0, 0, 65, 36, 0, 0, 79, 34, 0, 0, 126, 32, 0, 0, 163, 30, 0, 0, 91, 28, 0, 0, 47, 27, 0, 0, 251, 24, 0, 0, 165, 24, 0, 0, 67, 23, 0, 0, 7, 21, 0, 0, 106, 19, 0, 0, 229, 17, 0, 0, 38, 15, 0, 0, 234, 13, 0, 0, 207, 12, 0, 0, 228, 10, 0, 0, 151, 9, 0, 0, 209, 8, 0, 0, 61, 8, 0, 0, 110, 7, 0, 0, 76, 7, 0, 0, 201, 6, 0, 0, 23, 7, 0, 0, 167, 6, 0, 0, 171, 6, 0, 0, 32, 6, 0, 0, 140, 6, 0, 0, 155, 6, 0, 0, 206, 5, 0, 0, 10, 6, 0, 0, 77, 6, 0, 0, 8, 6, 0, 0, 97, 6, 0, 0, 54, 6, 0, 0, 103, 6, 0, 0, 81, 6, 0, 0, 5, 6, 0, 0, 72, 6, 0, 0, 191, 5, 0, 0, 253, 5, 0, 0, 151, 5, 0, 0, 218, 5, 0, 0, 218, 5, 0, 0, 205, 5, 0, 0, 192, 5, 0, 0, 200, 5, 0, 0, 108, 5, 0, 0, 109, 5, 0, 0, 104, 5, 0, 0, 252, 4, 0, 0, 107, 4, 0, 0, 91, 4, 0, 0, 71, 4, 0, 0, 247, 3, 0, 0, 74, 4, 0, 0, 190, 3, 0, 0, 94, 3, 0, 0, 112, 3, 0, 0, 68, 3, 0, 0, 230, 2, 0, 0, 191, 2, 0, 0, 227, 2, 0, 0, 193, 2, 0, 0, 153, 2, 0, 0, 159, 2, 0, 0, 112, 2, 0, 0, 77, 2, 0, 0, 27, 2, 0, 0, 79, 2, 0, 0, 34, 2, 0, 0, 34, 2, 0, 0, 10, 2, 0, 0, 231, 1, 0, 0, 254, 1, 0, 0, 201, 1, 0, 0, 203, 1, 0, 0, 196, 1, 0, 0, 218, 1, 0, 0, 213, 1, 0, 0, 131, 1, 0, 0, 130, 1, 0, 0, 124, 1, 0, 0, 108, 1, 0, 0, 69, 1, 0, 0, 52, 1, 0, 0, 75, 1, 0, 0, 44, 1, 0, 0, 34, 1, 0, 0, 78, 1, 0, 0, 43, 1, 0, 0, 59, 1, 0, 0, 45, 1, 0, 0, 32, 1, 0, 0, 36, 1, 0, 0, 249, 0, 0, 0, 38, 1, 0, 0, 10, 1, 0, 0, 33, 1, 0, 0, 247, 0, 0, 0, 19, 1, 0, 0, 14, 1, 0, 0, 5, 1, 0, 0, 248, 0, 0, 0, 218, 0, 0, 0, 207, 0, 0, 0, 249, 0, 0, 0, 214, 0, 0, 0, 176, 0, 0, 0, 157, 0, 0, 0, 137, 0, 0, 0, 159, 0, 0, 0, 139, 0, 0, 0, 159, 0, 0, 0, 124, 0, 0, 0, 99, 0, 0, 0, 88, 0, 0, 0, 104, 0, 0, 0, 92, 0, 0, 0, 96, 0, 0, 0, 90, 0, 0, 0, 99, 0, 0, 0, 104, 0, 0, 0, 80, 0, 0, 0, 113, 0, 0, 0, 100, 0, 0, 0, 126, 0, 0, 0, 103, 0, 0, 0, 124, 0, 0, 0, 110, 0, 0, 0, 100, 0, 0, 0, 113, 0, 0, 0, 141, 0, 0, 0, 122, 0, 0, 0, 113, 0, 0, 0, 125, 0, 0, 0, 121, 0, 0, 0, 111, 0, 0, 0, 105, 0, 0, 0, 89, 0, 0, 0, 86, 0, 0, 0, 79, 0, 0, 0, 82, 0, 0, 0, 89, 0, 0, 0, 74, 0, 0, 0, 81, 0, 0, 0, 61, 0, 0, 0, 67, 0, 0, 0, 69, 0, 0, 0, 50, 0, 0, 0, 43, 0, 0, 0, 40, 0, 0, 0, 41, 0, 0, 0, 25, 0, 0, 0, 24, 0, 0, 0, 40, 0, 0, 0, 23, 0, 0, 0, 26, 0, 0, 0, 27, 0, 0, 0, 13, 0, 0, 0, 18, 0, 0, 0, 18, 0, 0, 0, 17, 0, 0, 0, 13, 0, 0, 0, 12, 0, 0, 0, 8, 0, 0, 0, 9, 0, 0, 0, 8, 0, 0, 0, 3, 0, 0, 0, 6, 0, 0, 0, 5, 0, 0, 0, 5, 0, 0, 0, 10, 0, 0, 0, 5, 0, 0, 0, 7, 0, 0, 0, 3, 0, 0, 0, 4, 0, 0, 0, 7, 0, 0, 0, 4, 0, 0, 0, 7, 0, 0, 0, 6, 0, 0, 0, 8, 0, 0, 0, 6, 0, 0, 0, 3, 0, 0, 0, 3, 0, 0, 0, 5, 0, 0, 0, 1, 0, 0, 0, 4, 0, 0, 0, 6, 0, 0, 0, 3, 0, 0, 0, 6, 0, 0, 0, 1, 0, 0, 0, 4, 0, 0, 0, 3, 0, 0, 0, 3, 0, 0, 0, 4, 0, 0, 0, 4, 0, 0, 0, 2, 0, 0, 0, 6, 0, 0, 0, 5, 0, 0, 0, 4, 0, 0, 0, 5, 0, 0, 0, 7, 0, 0, 0, 3, 0, 0, 0, 9, 0, 0, 0, 6, 0, 0, 0, 4, 0, 0, 0, 9, 0, 0, 0, 8, 0, 0, 0, 2, 0, 0, 0, 1, 0, 0, 0, 4, 0, 0, 0, 6, 0, 0, 0, 10, 0, 0, 0, 3, 0, 0, 0, 10, 0, 0, 0, 1, 0, 0, 0, 5, 0, 0, 0, 6, 0, 0, 0, 7, 0, 0, 0, 8, 0, 0, 0, 6, 0, 0, 0, 9, 0, 0, 0, 4, 0, 0, 0, 7, 0, 0, 0, 36, 1, 0, 0, 12, 4, 0, 0, 4, 0, 0, 0, 0, 0, 0, 0, 144, 9, 0, 0, 63, 29, 0, 0, 160, 62, 0, 0, 20, 98, 0, 0, 31, 108, 0, 0, 42, 104, 0, 0, 103, 94, 0, 0, 136, 84, 0, 0, 47, 76, 0, 0, 192, 66, 0, 0, 157, 65, 0, 0, 181, 61, 0, 0, 115, 60, 0, 0, 62, 62, 0, 0, 155, 63, 0, 0, 244, 63, 0, 0, 246, 66, 0, 0, 114, 67, 0, 0, 55, 68, 0, 0, 193, 65, 0, 0, 96, 63, 0, 0, 78, 60, 0, 0, 25, 54, 0, 0, 194, 47, 0, 0, 212, 42, 0, 0, 180, 36, 0, 0, 13, 32, 0, 0, 92, 28, 0, 0, 246, 24, 0, 0, 89, 22, 0, 0, 245, 19, 0, 0, 143, 17, 0, 0, 98, 15, 0, 0, 255, 12, 0, 0, 215, 11, 0, 0, 115, 10, 0, 0, 253, 8, 0, 0, 68, 8, 0, 0, 136, 7, 0, 0, 142, 6, 0, 0, 162, 6, 0, 0, 141, 6, 0, 0, 33, 6, 0, 0, 138, 6, 0, 0, 79, 6, 0, 0, 124, 6, 0, 0, 238, 6, 0, 0, 161, 6, 0, 0, 227, 6, 0, 0, 105, 6, 0, 0, 136, 7, 0, 0, 251, 6, 0, 0, 41, 7, 0, 0, 62, 7, 0, 0, 49, 7, 0, 0, 240, 6, 0, 0, 239, 6, 0, 0, 216, 6, 0, 0, 34, 7, 0, 0, 156, 6, 0, 0, 115, 6, 0, 0, 166, 5, 0, 0, 216, 5, 0, 0, 146, 5, 0, 0, 169, 5, 0, 0, 94, 5, 0, 0, 7, 5, 0, 0, 3, 5, 0, 0, 20, 5, 0, 0, 114, 4, 0, 0, 146, 4, 0, 0, 124, 4, 0, 0, 90, 4, 0, 0, 192, 3, 0, 0, 162, 3, 0, 0, 197, 3, 0, 0, 128, 3, 0, 0, 47, 3, 0, 0, 73, 3, 0, 0, 79, 3, 0, 0, 250, 2, 0, 0, 5, 3, 0, 0, 223, 2, 0, 0, 196, 2, 0, 0, 175, 2, 0, 0, 220, 2, 0, 0, 125, 2, 0, 0, 110, 2, 0, 0, 113, 2, 0, 0, 134, 2, 0, 0, 120, 2, 0, 0, 76, 2, 0, 0, 240, 1, 0, 0, 81, 2, 0, 0, 4, 2, 0, 0, 6, 2, 0, 0, 233, 1, 0, 0, 249, 1, 0, 0, 186, 1, 0, 0, 141, 1, 0, 0, 109, 1, 0, 0, 144, 1, 0, 0, 115, 1, 0, 0, 64, 1, 0, 0, 72, 1, 0, 0, 34, 1, 0, 0, 94, 1, 0, 0, 100, 1, 0, 0, 69, 1, 0, 0, 65, 1, 0, 0, 88, 1, 0, 0, 69, 1, 0, 0, 49, 1, 0, 0, 45, 1, 0, 0, 9, 1, 0, 0, 38, 1, 0, 0, 254, 0, 0, 0, 34, 1, 0, 0, 12, 1, 0, 0, 230, 0, 0, 0, 252, 0, 0, 0, 210, 0, 0, 0, 198, 0, 0, 0, 164, 0, 0, 0, 179, 0, 0, 0, 162, 0, 0, 0, 144, 0, 0, 0, 122, 0, 0, 0, 104, 0, 0, 0, 107, 0, 0, 0, 104, 0, 0, 0, 106, 0, 0, 0, 115, 0, 0, 0, 116, 0, 0, 0, 135, 0, 0, 0, 113, 0, 0, 0, 92, 0, 0, 0, 107, 0, 0, 0, 108, 0, 0, 0, 122, 0, 0, 0, 122, 0, 0, 0, 135, 0, 0, 0, 129, 0, 0, 0, 101, 0, 0, 0, 124, 0, 0, 0, 113, 0, 0, 0, 99, 0, 0, 0, 108, 0, 0, 0, 115, 0, 0, 0, 97, 0, 0, 0, 103, 0, 0, 0, 79, 0, 0, 0, 74, 0, 0, 0, 60, 0, 0, 0, 81, 0, 0, 0, 83, 0, 0, 0, 67, 0, 0, 0, 48, 0, 0, 0, 55, 0, 0, 0, 47, 0, 0, 0, 53, 0, 0, 0, 31, 0, 0, 0, 42, 0, 0, 0, 21, 0, 0, 0, 23, 0, 0, 0, 15, 0, 0, 0, 17, 0, 0, 0, 12, 0, 0, 0, 7, 0, 0, 0, 8, 0, 0, 0, 5, 0, 0, 0, 7, 0, 0, 0, 8, 0, 0, 0, 4, 0, 0, 0, 4, 0, 0, 0, 3, 0, 0, 0, 6, 0, 0, 0, 5, 0, 0, 0, 3, 0, 0, 0, 7, 0, 0, 0, 5, 0, 0, 0, 10, 0, 0, 0, 8, 0, 0, 0, 5, 0, 0, 0, 5, 0, 0, 0, 2, 0, 0, 0, 6, 0, 0, 0, 2, 0, 0, 0, 7, 0, 0, 0, 5, 0, 0, 0, 10, 0, 0, 0, 7, 0, 0, 0, 7, 0, 0, 0, 3, 0, 0, 0, 4, 0, 0, 0, 5, 0, 0, 0, 4, 0, 0, 0, 5, 0, 0, 0, 9, 0, 0, 0, 9, 0, 0, 0, 10, 0, 0, 0, 5, 0, 0, 0, 5, 0, 0, 0, 3, 0, 0, 0, 3, 0, 0, 0, 5, 0, 0, 0, 5, 0, 0, 0, 8, 0, 0, 0, 3, 0, 0, 0, 5, 0, 0, 0, 7, 0, 0, 0, 9, 0, 0, 0, 5, 0, 0, 0, 5, 0, 0, 0, 2, 0, 0, 0, 4, 0, 0, 0, 2, 0, 0, 0, 3, 0, 0, 0, 8, 0, 0, 0, 11, 0, 0, 0, 6, 0, 0, 0, 5, 0, 0, 0, 4, 0, 0, 0, 7, 0, 0, 0, 4, 0, 0, 0, 6, 0, 0, 0, 4, 0, 0, 0, 6, 0, 0, 0, 5, 0, 0, 0, 3, 0, 0, 0, 2, 0, 0, 0, 1, 0, 0, 0, 3, 0, 0, 0, 6, 0, 0, 0, 2, 0, 0, 0, 0, 0, 0, 0, 0, 0, 0, 0, 3, 0, 0, 0, 3, 0, 0, 0, 4, 0, 0, 0, 1, 0, 0, 0, 2, 0, 0, 0, 2, 0, 0, 0, 3, 0, 0, 0, 5, 0, 0, 0, 4, 0, 0, 0, 2, 0, 0, 0, 2, 0, 0, 0, 1, 0, 0, 0, 0, 0, 0, 0, 2, 0, 0, 0, 1, 0, 0, 0, 2, 0, 0, 0, 2, 0, 0, 0, 0, 0, 0, 0, 102, 0, 0, 0, 12, 4, 0, 0, 8, 0, 0, 0, 0, 0, 0, 0, 170, 247, 0, 0, 238, 250, 0, 0, 45, 45, 1, 0, 160, 21, 1, 0, 101, 245, 0, 0, 115, 207, 0, 0, 89, 154, 0, 0, 98, 102, 0, 0, 180, 61, 0, 0, 150, 41, 0, 0, 89, 31, 0, 0, 17, 27, 0, 0, 238, 22, 0, 0, 193, 23, 0, 0, 174, 21, 0, 0, 228, 19, 0, 0, 242, 18, 0, 0, 170, 18, 0, 0, 82, 17, 0, 0, 167, 15, 0, 0, 155, 13, 0, 0, 21, 12, 0, 0, 173, 10, 0, 0, 175, 9, 0, 0, 188, 8, 0, 0, 214, 7, 0, 0, 50, 7, 0, 0, 76, 6, 0, 0, 100, 5, 0, 0, 64, 5, 0, 0, 167, 4, 0, 0, 36, 4, 0, 0, 242, 3, 0, 0, 34, 3, 0, 0, 155, 2, 0, 0, 72, 2, 0, 0, 209, 1, 0, 0, 67, 1, 0, 0, 244, 0, 0, 0, 28, 1, 0, 0, 244, 0, 0, 0, 2, 1, 0, 0, 24, 1, 0, 0, 43, 1, 0, 0, 86, 1, 0, 0, 27, 1, 0, 0, 15, 1, 0, 0, 220, 0, 0, 0, 188, 0, 0, 0, 162, 0, 0, 0, 104, 0, 0, 0, 103, 0, 0, 0, 52, 0, 0, 0, 51, 0, 0, 0, 32, 0, 0, 0, 23, 0, 0, 0, 26, 0, 0, 0, 15, 0, 0, 0, 10, 0, 0, 0, 12, 0, 0, 0, 12, 0, 0, 0, 12, 0, 0, 0, 7, 0, 0, 0, 5, 0, 0, 0, 3, 0, 0, 0, 5, 0, 0, 0, 3, 0, 0, 0, 5, 0, 0, 0, 7, 0, 0, 0, 8, 0, 0, 0, 5, 0, 0, 0, 9, 0, 0, 0, 7, 0, 0, 0, 4, 0, 0, 0, 1, 0, 0, 0, 5, 0, 0, 0, 9, 0, 0, 0, 7, 0, 0, 0, 8, 0, 0, 0, 4, 0, 0, 0, 3, 0, 0, 0, 10, 0, 0, 0, 2, 0, 0, 0, 6, 0, 0, 0, 8, 0, 0, 0, 7, 0, 0, 0, 8, 0, 0, 0, 4, 0, 0, 0, 2, 0, 0, 0, 3, 0, 0, 0, 1, 0, 0, 0, 0, 0, 0, 0, 6, 0, 0, 0, 4, 0, 0, 0, 3, 0, 0, 0, 2, 0, 0, 0, 6, 0, 0, 0, 0, 0, 0, 0, 0, 0, 0, 0, 0, 0, 0, 0, 0, 0, 0, 0, 0, 0, 0, 0, 0, 0, 0, 0, 0, 0, 0, 0, 0, 0, 0, 0, 0, 0, 0, 0, 0, 0, 0, 0, 0, 0, 0, 0, 0, 0, 0, 0, 0, 0, 0, 0, 0, 0, 0, 0, 0, 0, 0, 0, 0, 0, 0, 0, 0, 0, 0, 0, 0, 0, 0, 0, 0, 0, 0, 0, 0, 0, 0, 0, 0, 0, 0, 0, 0, 0, 0, 0, 0, 0, 0, 0, 0, 0, 0, 0, 0, 0, 0, 0, 0, 0, 0, 0, 0, 0, 0, 0, 0, 0, 0, 0, 0, 0, 0, 0, 0, 0, 0, 0, 0, 0, 0, 0, 0, 0, 0, 0, 0, 0, 0, 0, 0, 0, 0, 0, 0, 0, 0, 0, 0, 0, 0, 0, 0, 0, 0, 0, 0, 0, 0, 0, 0, 0, 0, 0, 0, 0, 0, 0, 0, 0, 0, 0, 0, 0, 0, 0, 0, 0, 0, 0, 0, 0, 0, 0, 0, 0, 0, 0, 0, 0, 0, 0, 0, 0, 0, 0, 0, 0, 0, 0, 0, 0, 0, 0, 0, 0, 0, 0, 0, 0, 0, 0, 0, 0, 0, 0, 0, 0, 0, 0, 0, 0, 0, 0, 0, 0, 0, 0, 0, 0, 0, 0, 0, 0, 0, 0, 0, 0, 0, 0, 0, 0, 0, 0, 0, 0, 0, 0, 0, 0, 0, 0, 0, 0, 0, 0, 0, 0, 0, 0, 0, 0, 0, 0, 0, 0, 0, 0, 0, 0, 0, 0, 0, 0, 0, 0, 0, 0, 0, 0, 0, 0, 0, 0, 0, 0, 0, 0, 0, 0, 0, 0, 0, 0, 0, 0, 0, 0, 0, 0, 0, 0, 0, 0, 0, 0, 0, 0, 0, 0, 0, 0, 0, 0, 0, 0, 0, 0, 0, 0, 0, 0, 0, 0, 0, 0, 0, 0, 0, 0, 0, 0, 0, 0, 0, 0, 0, 0, 0, 0, 0, 0, 0, 0, 0, 0, 0, 0, 0, 0, 0, 0, 0, 0, 0, 0, 0, 0, 0, 0, 0, 0, 0, 0, 0, 0, 0, 0, 0, 0, 0, 0, 0, 0, 0, 0, 0, 0, 0, 0, 0, 0, 0, 0, 0, 0, 0, 0, 0, 0, 0, 0, 0, 0, 0, 0, 0, 0, 0, 0, 0, 0, 0, 0, 0, 0, 0, 0, 0, 0, 0, 0, 0, 0, 0, 0, 0, 0, 0, 0, 0, 0, 0, 0, 0, 0, 0, 0, 0, 0, 0, 0, 0, 0, 0, 0, 0, 0, 0, 0, 0, 0, 0, 0, 0, 0, 0, 0, 0, 0, 0, 0, 0, 0, 0, 0, 0, 0, 0, 0, 0, 0, 0, 0, 0, 0, 0, 0, 0, 0, 0, 0, 0, 0, 0, 0, 0, 0, 0, 0, 0, 0, 0, 0, 0, 0, 0, 0, 0, 0, 0, 0, 0, 0, 0, 0, 0, 0, 0, 0, 0, 0, 0, 0, 0, 0, 0, 0, 0, 0, 0, 0, 0, 0, 0, 0, 0, 0, 0, 0, 0, 0, 0, 0, 0, 0, 0, 0, 0, 0, 0, 0, 0, 0, 0, 0, 0, 0, 0, 0, 0, 0, 0, 0, 0, 0, 0, 0, 0, 0, 0, 0, 0, 0, 0, 0, 0, 0, 0, 0, 0, 0, 0, 0, 0, 0, 0, 0, 0, 0, 0, 0, 0, 0, 0, 0, 0, 0, 0, 0, 0, 0, 0, 0, 0, 0, 0, 0, 0, 0, 0, 0, 0, 0, 0, 0, 0, 0, 0, 0, 0, 0, 0, 0, 0, 0, 0, 0, 0, 0, 0, 0, 0, 0, 0, 0, 0, 0, 0, 0, 0, 0, 0, 0, 0, 0, 0, 0, 0, 0, 0, 0, 0, 0, 0, 0, 0, 0, 0, 0, 0, 0, 0, 0, 12, 4, 0, 0, 0, 0, 0, 0, 0, 0, 0, 0, 0, 0, 0, 0, 0, 0, 0, 0, 0, 0, 0, 0, 0, 0, 0, 0, 0, 0, 0, 0, 0, 0, 0, 0, 0, 0, 0, 0, 0, 0, 0, 0, 0, 0, 0, 0, 0, 0, 0, 0, 0, 0, 0, 0, 0, 0, 0, 0, 0, 0, 0, 0, 0, 0, 0, 0, 0, 0, 0, 0, 0, 0, 0, 0, 0, 0, 0, 0, 0, 0, 0, 0, 0, 0, 0, 0, 0, 0, 0, 0, 0, 0, 0, 0, 0, 0, 0, 0, 0, 0, 0, 0, 0, 0, 0, 0, 0, 0, 0, 0, 0, 0, 0, 0, 0, 0, 0, 0, 0, 0, 0, 0, 0, 0, 0, 0, 0, 0, 0, 0, 0, 0, 0, 0, 0, 0, 0, 0, 0, 0, 0, 0, 0, 0, 0, 0, 0, 0, 0, 0, 0, 0, 0, 0, 0, 0, 0, 0, 0, 0, 0, 0, 0, 0, 0, 0, 0, 0, 0, 0, 0, 0, 0, 0, 0, 0, 0, 0, 0, 0, 0, 0, 0, 0, 0, 0, 0, 0, 0, 0, 0, 0, 0, 0, 0, 0, 0, 0, 0, 0, 0, 0, 0, 0, 0, 0, 0, 0, 0, 0, 0, 0, 0, 0, 0, 0, 0, 0, 0, 0, 0, 0, 0, 0, 0, 0, 0, 0, 0, 0, 0, 0, 0, 0, 0, 0, 0, 0, 0, 0, 0, 0, 0, 0, 0, 0, 0, 0, 0, 0, 0, 0, 0, 0, 0, 0, 0, 0, 0, 0, 0, 0, 0, 0, 0, 0, 0, 0, 0, 0, 0, 0, 0, 0, 0, 0, 0, 0, 0, 0, 0, 0, 0, 0, 0, 0, 0, 0, 0, 0, 0, 0, 0, 0, 0, 0, 0, 0, 0, 0, 0, 0, 0, 0, 0, 0, 0, 0, 0, 0, 0, 0, 0, 0, 0, 0, 0, 0, 0, 0, 0, 0, 0, 0, 0, 0, 0, 0, 0, 0, 0, 0, 0, 0, 0, 0, 0, 0, 0, 0, 0, 0, 0, 0, 0, 0, 0, 0, 0, 0, 0, 0, 0, 0, 0, 0, 0, 0, 0, 0, 0, 0, 0, 0, 0, 0, 0, 0, 0, 0, 0, 0, 0, 0, 0, 0, 0, 0, 0, 0, 0, 0, 0, 0, 0, 0, 0, 0, 0, 0, 0, 0, 0, 0, 0, 0, 0, 0, 0, 0, 0, 0, 0, 0, 0, 0, 0, 0, 0, 0, 0, 0, 0, 0, 0, 0, 0, 0, 0, 0, 0, 0, 0, 0, 0, 0, 0, 0, 0, 0, 0, 0, 0, 0, 0, 0, 0, 0, 0, 0, 0, 0, 0, 0, 0, 0, 0, 0, 0, 0, 0, 0, 0, 0, 0, 0, 0, 0, 0, 0, 0, 0, 0, 0, 0, 0, 0, 0, 0, 0, 0, 0, 0, 0, 0, 0, 0, 0, 0, 0, 0, 0, 0, 0, 0, 0, 0, 0, 0, 0, 0, 0, 0, 0, 0, 0, 0, 0, 0, 0, 0, 0, 0, 0, 0, 0, 0, 0, 0, 0, 0, 0, 0, 0, 0, 0, 0, 0, 0, 0, 0, 0, 0, 0, 0, 0, 0, 0, 0, 0, 0, 0, 0, 0, 0, 0, 0, 0, 0, 0, 0, 0, 0, 0, 0, 0, 0, 0, 0, 0, 0, 0, 0, 0, 0, 0, 0, 0, 0, 0, 0, 0, 0, 0, 0, 0, 0, 0, 0, 0, 0, 0, 0, 0, 0, 0, 0, 0, 0, 0, 0, 0, 0, 0, 0, 0, 0, 0, 0, 0, 0, 0, 0, 0, 0, 0, 0, 0, 0, 0, 0, 0, 0, 0, 0, 0, 0, 0, 0, 0, 0, 0, 0, 0, 0, 0, 0, 0, 0, 0, 0, 0, 0, 0, 0, 0, 0, 0, 0, 0, 0, 0, 0, 0, 0, 0, 0, 0, 0, 0, 0, 0, 0, 0, 0, 0, 0, 0, 0, 0, 0, 0, 0, 0, 0, 0, 0, 0, 0, 0, 0, 0, 0, 0, 0, 0, 0, 0, 0, 0, 0, 0, 0, 0, 0, 0, 0, 0, 0, 0, 0, 0, 0, 0, 0, 0, 0, 0, 0, 0, 0, 0, 0, 0, 0, 0, 0, 0, 0, 0, 0, 0, 0, 0, 0, 0, 0, 0, 0, 0, 0, 0, 0, 0, 0, 0, 0, 0, 0, 0, 0, 0, 0, 0, 0, 0, 0, 0, 0, 0, 0, 0, 0, 0, 0, 0, 0, 0, 0, 0, 0, 0, 0, 0, 0, 0, 0, 0, 0, 0, 0, 0, 0, 0, 0, 0, 0, 0, 0, 0, 0, 0, 0, 0, 0, 0, 0, 0, 0, 0, 0, 0, 0, 0, 0, 0, 0, 0, 0, 0, 0, 0, 0, 0, 0, 0, 0, 0, 0, 0, 0, 0, 0, 0, 0, 0, 0, 0, 0, 0, 0, 0, 0, 0, 0, 0, 0, 0, 0, 0, 0, 0, 0, 0, 0, 0, 0, 0, 0, 0, 0, 0, 0, 0, 0, 0, 0, 0, 0, 0, 0, 0, 0, 0, 0, 0, 0, 0, 0, 0, 0, 0, 0, 0, 0, 0, 0, 0, 0, 0, 0, 0, 0, 0, 0, 0, 0, 0, 0, 0, 0, 0, 0, 0, 0, 0, 0, 0, 0, 0, 0, 0, 0, 0, 0, 0, 0, 0, 0, 0, 0, 0, 0, 0, 0, 0, 0, 0, 0, 0, 0, 0, 0, 0, 0, 0, 0, 0, 0, 0, 0, 0, 0, 0, 0, 0, 0, 0, 0, 0, 0, 0, 0, 0, 0, 0, 0, 0, 0, 0, 0, 0, 0, 0, 0, 0, 0, 0, 0, 0, 0, 0, 0, 0, 0, 0, 0, 0, 0, 0, 0, 0, 0, 0, 0, 0, 0, 0, 0, 0, 0, 0, 0, 0, 0, 0, 0, 0, 0, 0, 0, 0, 0, 0, 0, 0, 0, 0, 0, 0, 0, 0, 0, 0, 0, 0, 0, 0, 0, 0, 0, 0, 0, 0, 0, 0, 0, 0, 0, 0, 0, 0, 0, 0, 0, 0, 0, 0, 0, 0, 0, 0, 0, 0, 0, 0, 0, 0, 0, 0, 0, 0, 0, 0, 0, 0, 0, 0, 0, 0, 0, 0, 0, 0, 0, 0, 0, 0, 0, 0, 0, 0, 0, 0, 0, 16, 0, 128, 48, 0, 0, 0, 0, 0, 0, 64, 0, 0, 0, 64, 129, 0, 0, 0, 255, 1, 0, 0, 190, 15, 0, 0, 144, 10, 0, 0, 0, 0, 0, 0, 0, 0, 0, 0, 255, 15, 0, 0, 255, 11, 0, 0, 1, 16, 0, 128, 12, 0, 0, 0, 107, 0, 0, 0, 2, 16, 0, 128, 218, 0, 0, 0, 46, 0, 0, 0, 0, 0, 0, 0, 9, 0, 74, 8, 0, 0, 0, 0, 128, 63, 43, 156, 148, 63, 151, 24, 125, 64, 2, 0, 0, 0, 73, 94, 242, 1, 0, 0, 0, 0, 44, 187, 254, 65, 164, 9, 204, 67, 1, 0, 0, 0, 0, 0, 0, 0, 0, 0, 0, 0, 0, 0, 0, 0, 0, 0, 0, 0, 107, 0, 0, 0, 97, 8, 0, 0, 3, 0, 0, 0, 0, 0, 0, 0, 0, 0, 0, 0, 0, 0, 0, 0, 0, 0, 0, 0, 0, 0, 0, 0, 0, 0, 0, 0, 0, 0, 0, 0, 0, 0, 0, 0, 0, 0, 0, 0, 0, 0, 0, 0, 0, 0, 0, 0, 0, 0, 0, 0, 0, 0, 0, 0, 0, 0, 0, 0, 0, 0, 0, 0, 0, 0, 0, 0, 0, 0, 0, 0, 0, 0, 0, 0, 0, 0, 0, 0, 0, 0, 0, 0, 0, 0, 0, 0, 0, 0, 0, 0, 0, 0, 0, 0, 0, 0, 0, 0, 0, 0, 0, 0, 0, 0, 0, 0, 0, 0, 0, 0, 0, 0, 0, 0, 0, 0, 0, 0, 0, 0, 0, 0, 0, 0, 0, 0, 0, 0, 0, 0, 0, 0, 0, 0]}
{a87ee154-997f-465d-b91f-29d53b982b88} : MF_CAPTURE_METADATA_FOCUSSTATE                  : Windows.Foundation.IReference`1<UInt32>     => 3
{c736fd77-0fb9-4e2e-97a2-fcd490739ee9} : MF_CAPTURE_METADATA_WHITEBALANCE                : Windows.Foundation.IReference`1<UInt32>     => 2122
{e7570c8f-2dcb-4c7c-aace-22ece7cce647} : MF_CAPTURE_METADATA_WHITEBALANCE_GAINS          : Windows.Foundation.IReferenceArray`1<UInt8> => {12, [0, 0, 128, 63, 43, 156, 148, 63, 151, 24, 125, 64]}
{85358432-2ef6-4ba9-a3fb-06d82974b895} : MF_CAPTURE_METADATA_HISTOGRAM                   : Windows.Foundation.IReferenceArray`1<UInt8> => {4192, [84, 12, 0, 0, 1, 0, 0, 0, 76, 12, 0, 0, 0, 1, 0, 0, 2, 0, 0, 0, 14, 0, 0, 0, 224, 7, 0, 0, 110, 4, 0, 0, 0, 0, 0, 0, 0, 0, 0, 0, 223, 7, 0, 0, 109, 4, 0, 0, 12, 4, 0, 0, 2, 0, 0, 0, 0, 0, 0, 0, 15, 3, 0, 0, 141, 13, 0, 0, 54, 37, 0, 0, 188, 57, 0, 0, 235, 80, 0, 0, 77, 86, 0, 0, 169, 82, 0, 0, 188, 78, 0, 0, 62, 67, 0, 0, 44, 58, 0, 0, 187, 50, 0, 0, 14, 47, 0, 0, 172, 42, 0, 0, 220, 40, 0, 0, 170, 39, 0, 0, 74, 39, 0, 0, 18, 40, 0, 0, 97, 40, 0, 0, 130, 42, 0, 0, 250, 43, 0, 0, 90, 47, 0, 0, 215, 48, 0, 0, 155, 49, 0, 0, 111, 51, 0, 0, 5, 51, 0, 0, 165, 50, 0, 0, 133, 48, 0, 0, 236, 45, 0, 0, 168, 43, 0, 0, 231, 40, 0, 0, 47, 38, 0, 0, 65, 36, 0, 0, 79, 34, 0, 0, 126, 32, 0, 0, 163, 30, 0, 0, 91, 28, 0, 0, 47, 27, 0, 0, 251, 24, 0, 0, 165, 24, 0, 0, 67, 23, 0, 0, 7, 21, 0, 0, 106, 19, 0, 0, 229, 17, 0, 0, 38, 15, 0, 0, 234, 13, 0, 0, 207, 12, 0, 0, 228, 10, 0, 0, 151, 9, 0, 0, 209, 8, 0, 0, 61, 8, 0, 0, 110, 7, 0, 0, 76, 7, 0, 0, 201, 6, 0, 0, 23, 7, 0, 0, 167, 6, 0, 0, 171, 6, 0, 0, 32, 6, 0, 0, 140, 6, 0, 0, 155, 6, 0, 0, 206, 5, 0, 0, 10, 6, 0, 0, 77, 6, 0, 0, 8, 6, 0, 0, 97, 6, 0, 0, 54, 6, 0, 0, 103, 6, 0, 0, 81, 6, 0, 0, 5, 6, 0, 0, 72, 6, 0, 0, 191, 5, 0, 0, 253, 5, 0, 0, 151, 5, 0, 0, 218, 5, 0, 0, 218, 5, 0, 0, 205, 5, 0, 0, 192, 5, 0, 0, 200, 5, 0, 0, 108, 5, 0, 0, 109, 5, 0, 0, 104, 5, 0, 0, 252, 4, 0, 0, 107, 4, 0, 0, 91, 4, 0, 0, 71, 4, 0, 0, 247, 3, 0, 0, 74, 4, 0, 0, 190, 3, 0, 0, 94, 3, 0, 0, 112, 3, 0, 0, 68, 3, 0, 0, 230, 2, 0, 0, 191, 2, 0, 0, 227, 2, 0, 0, 193, 2, 0, 0, 153, 2, 0, 0, 159, 2, 0, 0, 112, 2, 0, 0, 77, 2, 0, 0, 27, 2, 0, 0, 79, 2, 0, 0, 34, 2, 0, 0, 34, 2, 0, 0, 10, 2, 0, 0, 231, 1, 0, 0, 254, 1, 0, 0, 201, 1, 0, 0, 203, 1, 0, 0, 196, 1, 0, 0, 218, 1, 0, 0, 213, 1, 0, 0, 131, 1, 0, 0, 130, 1, 0, 0, 124, 1, 0, 0, 108, 1, 0, 0, 69, 1, 0, 0, 52, 1, 0, 0, 75, 1, 0, 0, 44, 1, 0, 0, 34, 1, 0, 0, 78, 1, 0, 0, 43, 1, 0, 0, 59, 1, 0, 0, 45, 1, 0, 0, 32, 1, 0, 0, 36, 1, 0, 0, 249, 0, 0, 0, 38, 1, 0, 0, 10, 1, 0, 0, 33, 1, 0, 0, 247, 0, 0, 0, 19, 1, 0, 0, 14, 1, 0, 0, 5, 1, 0, 0, 248, 0, 0, 0, 218, 0, 0, 0, 207, 0, 0, 0, 249, 0, 0, 0, 214, 0, 0, 0, 176, 0, 0, 0, 157, 0, 0, 0, 137, 0, 0, 0, 159, 0, 0, 0, 139, 0, 0, 0, 159, 0, 0, 0, 124, 0, 0, 0, 99, 0, 0, 0, 88, 0, 0, 0, 104, 0, 0, 0, 92, 0, 0, 0, 96, 0, 0, 0, 90, 0, 0, 0, 99, 0, 0, 0, 104, 0, 0, 0, 80, 0, 0, 0, 113, 0, 0, 0, 100, 0, 0, 0, 126, 0, 0, 0, 103, 0, 0, 0, 124, 0, 0, 0, 110, 0, 0, 0, 100, 0, 0, 0, 113, 0, 0, 0, 141, 0, 0, 0, 122, 0, 0, 0, 113, 0, 0, 0, 125, 0, 0, 0, 121, 0, 0, 0, 111, 0, 0, 0, 105, 0, 0, 0, 89, 0, 0, 0, 86, 0, 0, 0, 79, 0, 0, 0, 82, 0, 0, 0, 89, 0, 0, 0, 74, 0, 0, 0, 81, 0, 0, 0, 61, 0, 0, 0, 67, 0, 0, 0, 69, 0, 0, 0, 50, 0, 0, 0, 43, 0, 0, 0, 40, 0, 0, 0, 41, 0, 0, 0, 25, 0, 0, 0, 24, 0, 0, 0, 40, 0, 0, 0, 23, 0, 0, 0, 26, 0, 0, 0, 27, 0, 0, 0, 13, 0, 0, 0, 18, 0, 0, 0, 18, 0, 0, 0, 17, 0, 0, 0, 13, 0, 0, 0, 12, 0, 0, 0, 8, 0, 0, 0, 9, 0, 0, 0, 8, 0, 0, 0, 3, 0, 0, 0, 6, 0, 0, 0, 5, 0, 0, 0, 5, 0, 0, 0, 10, 0, 0, 0, 5, 0, 0, 0, 7, 0, 0, 0, 3, 0, 0, 0, 4, 0, 0, 0, 7, 0, 0, 0, 4, 0, 0, 0, 7, 0, 0, 0, 6, 0, 0, 0, 8, 0, 0, 0, 6, 0, 0, 0, 3, 0, 0, 0, 3, 0, 0, 0, 5, 0, 0, 0, 1, 0, 0, 0, 4, 0, 0, 0, 6, 0, 0, 0, 3, 0, 0, 0, 6, 0, 0, 0, 1, 0, 0, 0, 4, 0, 0, 0, 3, 0, 0, 0, 3, 0, 0, 0, 4, 0, 0, 0, 4, 0, 0, 0, 2, 0, 0, 0, 6, 0, 0, 0, 5, 0, 0, 0, 4, 0, 0, 0, 5, 0, 0, 0, 7, 0, 0, 0, 3, 0, 0, 0, 9, 0, 0, 0, 6, 0, 0, 0, 4, 0, 0, 0, 9, 0, 0, 0, 8, 0, 0, 0, 2, 0, 0, 0, 1, 0, 0, 0, 4, 0, 0, 0, 6, 0, 0, 0, 10, 0, 0, 0, 3, 0, 0, 0, 10, 0, 0, 0, 1, 0, 0, 0, 5, 0, 0, 0, 6, 0, 0, 0, 7, 0, 0, 0, 8, 0, 0, 0, 6, 0, 0, 0, 9, 0, 0, 0, 4, 0, 0, 0, 7, 0, 0, 0, 36, 1, 0, 0, 12, 4, 0, 0, 4, 0, 0, 0, 0, 0, 0, 0, 144, 9, 0, 0, 63, 29, 0, 0, 160, 62, 0, 0, 20, 98, 0, 0, 31, 108, 0, 0, 42, 104, 0, 0, 103, 94, 0, 0, 136, 84, 0, 0, 47, 76, 0, 0, 192, 66, 0, 0, 157, 65, 0, 0, 181, 61, 0, 0, 115, 60, 0, 0, 62, 62, 0, 0, 155, 63, 0, 0, 244, 63, 0, 0, 246, 66, 0, 0, 114, 67, 0, 0, 55, 68, 0, 0, 193, 65, 0, 0, 96, 63, 0, 0, 78, 60, 0, 0, 25, 54, 0, 0, 194, 47, 0, 0, 212, 42, 0, 0, 180, 36, 0, 0, 13, 32, 0, 0, 92, 28, 0, 0, 246, 24, 0, 0, 89, 22, 0, 0, 245, 19, 0, 0, 143, 17, 0, 0, 98, 15, 0, 0, 255, 12, 0, 0, 215, 11, 0, 0, 115, 10, 0, 0, 253, 8, 0, 0, 68, 8, 0, 0, 136, 7, 0, 0, 142, 6, 0, 0, 162, 6, 0, 0, 141, 6, 0, 0, 33, 6, 0, 0, 138, 6, 0, 0, 79, 6, 0, 0, 124, 6, 0, 0, 238, 6, 0, 0, 161, 6, 0, 0, 227, 6, 0, 0, 105, 6, 0, 0, 136, 7, 0, 0, 251, 6, 0, 0, 41, 7, 0, 0, 62, 7, 0, 0, 49, 7, 0, 0, 240, 6, 0, 0, 239, 6, 0, 0, 216, 6, 0, 0, 34, 7, 0, 0, 156, 6, 0, 0, 115, 6, 0, 0, 166, 5, 0, 0, 216, 5, 0, 0, 146, 5, 0, 0, 169, 5, 0, 0, 94, 5, 0, 0, 7, 5, 0, 0, 3, 5, 0, 0, 20, 5, 0, 0, 114, 4, 0, 0, 146, 4, 0, 0, 124, 4, 0, 0, 90, 4, 0, 0, 192, 3, 0, 0, 162, 3, 0, 0, 197, 3, 0, 0, 128, 3, 0, 0, 47, 3, 0, 0, 73, 3, 0, 0, 79, 3, 0, 0, 250, 2, 0, 0, 5, 3, 0, 0, 223, 2, 0, 0, 196, 2, 0, 0, 175, 2, 0, 0, 220, 2, 0, 0, 125, 2, 0, 0, 110, 2, 0, 0, 113, 2, 0, 0, 134, 2, 0, 0, 120, 2, 0, 0, 76, 2, 0, 0, 240, 1, 0, 0, 81, 2, 0, 0, 4, 2, 0, 0, 6, 2, 0, 0, 233, 1, 0, 0, 249, 1, 0, 0, 186, 1, 0, 0, 141, 1, 0, 0, 109, 1, 0, 0, 144, 1, 0, 0, 115, 1, 0, 0, 64, 1, 0, 0, 72, 1, 0, 0, 34, 1, 0, 0, 94, 1, 0, 0, 100, 1, 0, 0, 69, 1, 0, 0, 65, 1, 0, 0, 88, 1, 0, 0, 69, 1, 0, 0, 49, 1, 0, 0, 45, 1, 0, 0, 9, 1, 0, 0, 38, 1, 0, 0, 254, 0, 0, 0, 34, 1, 0, 0, 12, 1, 0, 0, 230, 0, 0, 0, 252, 0, 0, 0, 210, 0, 0, 0, 198, 0, 0, 0, 164, 0, 0, 0, 179, 0, 0, 0, 162, 0, 0, 0, 144, 0, 0, 0, 122, 0, 0, 0, 104, 0, 0, 0, 107, 0, 0, 0, 104, 0, 0, 0, 106, 0, 0, 0, 115, 0, 0, 0, 116, 0, 0, 0, 135, 0, 0, 0, 113, 0, 0, 0, 92, 0, 0, 0, 107, 0, 0, 0, 108, 0, 0, 0, 122, 0, 0, 0, 122, 0, 0, 0, 135, 0, 0, 0, 129, 0, 0, 0, 101, 0, 0, 0, 124, 0, 0, 0, 113, 0, 0, 0, 99, 0, 0, 0, 108, 0, 0, 0, 115, 0, 0, 0, 97, 0, 0, 0, 103, 0, 0, 0, 79, 0, 0, 0, 74, 0, 0, 0, 60, 0, 0, 0, 81, 0, 0, 0, 83, 0, 0, 0, 67, 0, 0, 0, 48, 0, 0, 0, 55, 0, 0, 0, 47, 0, 0, 0, 53, 0, 0, 0, 31, 0, 0, 0, 42, 0, 0, 0, 21, 0, 0, 0, 23, 0, 0, 0, 15, 0, 0, 0, 17, 0, 0, 0, 12, 0, 0, 0, 7, 0, 0, 0, 8, 0, 0, 0, 5, 0, 0, 0, 7, 0, 0, 0, 8, 0, 0, 0, 4, 0, 0, 0, 4, 0, 0, 0, 3, 0, 0, 0, 6, 0, 0, 0, 5, 0, 0, 0, 3, 0, 0, 0, 7, 0, 0, 0, 5, 0, 0, 0, 10, 0, 0, 0, 8, 0, 0, 0, 5, 0, 0, 0, 5, 0, 0, 0, 2, 0, 0, 0, 6, 0, 0, 0, 2, 0, 0, 0, 7, 0, 0, 0, 5, 0, 0, 0, 10, 0, 0, 0, 7, 0, 0, 0, 7, 0, 0, 0, 3, 0, 0, 0, 4, 0, 0, 0, 5, 0, 0, 0, 4, 0, 0, 0, 5, 0, 0, 0, 9, 0, 0, 0, 9, 0, 0, 0, 10, 0, 0, 0, 5, 0, 0, 0, 5, 0, 0, 0, 3, 0, 0, 0, 3, 0, 0, 0, 5, 0, 0, 0, 5, 0, 0, 0, 8, 0, 0, 0, 3, 0, 0, 0, 5, 0, 0, 0, 7, 0, 0, 0, 9, 0, 0, 0, 5, 0, 0, 0, 5, 0, 0, 0, 2, 0, 0, 0, 4, 0, 0, 0, 2, 0, 0, 0, 3, 0, 0, 0, 8, 0, 0, 0, 11, 0, 0, 0, 6, 0, 0, 0, 5, 0, 0, 0, 4, 0, 0, 0, 7, 0, 0, 0, 4, 0, 0, 0, 6, 0, 0, 0, 4, 0, 0, 0, 6, 0, 0, 0, 5, 0, 0, 0, 3, 0, 0, 0, 2, 0, 0, 0, 1, 0, 0, 0, 3, 0, 0, 0, 6, 0, 0, 0, 2, 0, 0, 0, 0, 0, 0, 0, 0, 0, 0, 0, 3, 0, 0, 0, 3, 0, 0, 0, 4, 0, 0, 0, 1, 0, 0, 0, 2, 0, 0, 0, 2, 0, 0, 0, 3, 0, 0, 0, 5, 0, 0, 0, 4, 0, 0, 0, 2, 0, 0, 0, 2, 0, 0, 0, 1, 0, 0, 0, 0, 0, 0, 0, 2, 0, 0, 0, 1, 0, 0, 0, 2, 0, 0, 0, 2, 0, 0, 0, 0, 0, 0, 0, 102, 0, 0, 0, 12, 4, 0, 0, 8, 0, 0, 0, 0, 0, 0, 0, 170, 247, 0, 0, 238, 250, 0, 0, 45, 45, 1, 0, 160, 21, 1, 0, 101, 245, 0, 0, 115, 207, 0, 0, 89, 154, 0, 0, 98, 102, 0, 0, 180, 61, 0, 0, 150, 41, 0, 0, 89, 31, 0, 0, 17, 27, 0, 0, 238, 22, 0, 0, 193, 23, 0, 0, 174, 21, 0, 0, 228, 19, 0, 0, 242, 18, 0, 0, 170, 18, 0, 0, 82, 17, 0, 0, 167, 15, 0, 0, 155, 13, 0, 0, 21, 12, 0, 0, 173, 10, 0, 0, 175, 9, 0, 0, 188, 8, 0, 0, 214, 7, 0, 0, 50, 7, 0, 0, 76, 6, 0, 0, 100, 5, 0, 0, 64, 5, 0, 0, 167, 4, 0, 0, 36, 4, 0, 0, 242, 3, 0, 0, 34, 3, 0, 0, 155, 2, 0, 0, 72, 2, 0, 0, 209, 1, 0, 0, 67, 1, 0, 0, 244, 0, 0, 0, 28, 1, 0, 0, 244, 0, 0, 0, 2, 1, 0, 0, 24, 1, 0, 0, 43, 1, 0, 0, 86, 1, 0, 0, 27, 1, 0, 0, 15, 1, 0, 0, 220, 0, 0, 0, 188, 0, 0, 0, 162, 0, 0, 0, 104, 0, 0, 0, 103, 0, 0, 0, 52, 0, 0, 0, 51, 0, 0, 0, 32, 0, 0, 0, 23, 0, 0, 0, 26, 0, 0, 0, 15, 0, 0, 0, 10, 0, 0, 0, 12, 0, 0, 0, 12, 0, 0, 0, 12, 0, 0, 0, 7, 0, 0, 0, 5, 0, 0, 0, 3, 0, 0, 0, 5, 0, 0, 0, 3, 0, 0, 0, 5, 0, 0, 0, 7, 0, 0, 0, 8, 0, 0, 0, 5, 0, 0, 0, 9, 0, 0, 0, 7, 0, 0, 0, 4, 0, 0, 0, 1, 0, 0, 0, 5, 0, 0, 0, 9, 0, 0, 0, 7, 0, 0, 0, 8, 0, 0, 0, 4, 0, 0, 0, 3, 0, 0, 0, 10, 0, 0, 0, 2, 0, 0, 0, 6, 0, 0, 0, 8, 0, 0, 0, 7, 0, 0, 0, 8, 0, 0, 0, 4, 0, 0, 0, 2, 0, 0, 0, 3, 0, 0, 0, 1, 0, 0, 0, 0, 0, 0, 0, 6, 0, 0, 0, 4, 0, 0, 0, 3, 0, 0, 0, 2, 0, 0, 0, 6, 0, 0, 0, 0, 0, 0, 0, 0, 0, 0, 0, 0, 0, 0, 0, 0, 0, 0, 0, 0, 0, 0, 0, 0, 0, 0, 0, 0, 0, 0, 0, 0, 0, 0, 0, 0, 0, 0, 0, 0, 0, 0, 0, 0, 0, 0, 0, 0, 0, 0, 0, 0, 0, 0, 0, 0, 0, 0, 0, 0, 0, 0, 0, 0, 0, 0, 0, 0, 0, 0, 0, 0, 0, 0, 0, 0, 0, 0, 0, 0, 0, 0, 0, 0, 0, 0, 0, 0, 0, 0, 0, 0, 0, 0, 0, 0, 0, 0, 0, 0, 0, 0, 0, 0, 0, 0, 0, 0, 0, 0, 0, 0, 0, 0, 0, 0, 0, 0, 0, 0, 0, 0, 0, 0, 0, 0, 0, 0, 0, 0, 0, 0, 0, 0, 0, 0, 0, 0, 0, 0, 0, 0, 0, 0, 0, 0, 0, 0, 0, 0, 0, 0, 0, 0, 0, 0, 0, 0, 0, 0, 0, 0, 0, 0, 0, 0, 0, 0, 0, 0, 0, 0, 0, 0, 0, 0, 0, 0, 0, 0, 0, 0, 0, 0, 0, 0, 0, 0, 0, 0, 0, 0, 0, 0, 0, 0, 0, 0, 0, 0, 0, 0, 0, 0, 0, 0, 0, 0, 0, 0, 0, 0, 0, 0, 0, 0, 0, 0, 0, 0, 0, 0, 0, 0, 0, 0, 0, 0, 0, 0, 0, 0, 0, 0, 0, 0, 0, 0, 0, 0, 0, 0, 0, 0, 0, 0, 0, 0, 0, 0, 0, 0, 0, 0, 0, 0, 0, 0, 0, 0, 0, 0, 0, 0, 0, 0, 0, 0, 0, 0, 0, 0, 0, 0, 0, 0, 0, 0, 0, 0, 0, 0, 0, 0, 0, 0, 0, 0, 0, 0, 0, 0, 0, 0, 0, 0, 0, 0, 0, 0, 0, 0, 0, 0, 0, 0, 0, 0, 0, 0, 0, 0, 0, 0, 0, 0, 0, 0, 0, 0, 0, 0, 0, 0, 0, 0, 0, 0, 0, 0, 0, 0, 0, 0, 0, 0, 0, 0, 0, 0, 0, 0, 0, 0, 0, 0, 0, 0, 0, 0, 0, 0, 0, 0, 0, 0, 0, 0, 0, 0, 0, 0, 0, 0, 0, 0, 0, 0, 0, 0, 0, 0, 0, 0, 0, 0, 0, 0, 0, 0, 0, 0, 0, 0, 0, 0, 0, 0, 0, 0, 0, 0, 0, 0, 0, 0, 0, 0, 0, 0, 0, 0, 0, 0, 0, 0, 0, 0, 0, 0, 0, 0, 0, 0, 0, 0, 0, 0, 0, 0, 0, 0, 0, 0, 0, 0, 0, 0, 0, 0, 0, 0, 0, 0, 0, 0, 0, 0, 0, 0, 0, 0, 0, 0, 0, 0, 0, 0, 0, 0, 0, 0, 0, 0, 0, 0, 0, 0, 0, 0, 0, 0, 0, 0, 0, 0, 0, 0, 0, 0, 0, 0, 0, 0, 0, 0, 0, 0, 0, 0, 0, 0, 0, 0, 0, 0, 0, 0, 0, 0, 0, 0, 0, 0, 0, 0, 0, 0, 0, 0, 0, 0, 0, 0, 0, 0, 0, 0, 0, 0, 0, 0, 0, 0, 0, 0, 0, 0, 0, 0, 0, 0, 0, 0, 0, 0, 0, 0, 0, 0, 0, 0, 0, 0, 0, 0, 0, 0, 0, 0, 0, 0, 0, 0, 0, 0, 0, 0, 0, 0, 0, 0, 0, 0, 0, 0, 0, 0, 0, 0, 0, 0, 0, 0, 0, 0, 0, 0, 0, 0, 0, 0, 0, 0, 0, 0, 0, 0, 0, 0, 0, 0, 0, 0, 0, 0, 0, 0, 0, 0, 0, 0, 0, 0, 0, 0, 0, 0, 0, 0, 0, 0, 0, 0, 0, 0, 0, 0, 0, 0, 0, 0, 0, 0, 0, 0, 0, 0, 0, 0, 0, 0, 0, 0, 0, 0, 0, 0, 0, 0, 0, 0, 0, 0, 0, 0, 0, 0, 0, 12, 4, 0, 0, 0, 0, 0, 0, 0, 0, 0, 0, 0, 0, 0, 0, 0, 0, 0, 0, 0, 0, 0, 0, 0, 0, 0, 0, 0, 0, 0, 0, 0, 0, 0, 0, 0, 0, 0, 0, 0, 0, 0, 0, 0, 0, 0, 0, 0, 0, 0, 0, 0, 0, 0, 0, 0, 0, 0, 0, 0, 0, 0, 0, 0, 0, 0, 0, 0, 0, 0, 0, 0, 0, 0, 0, 0, 0, 0, 0, 0, 0, 0, 0, 0, 0, 0, 0, 0, 0, 0, 0, 0, 0, 0, 0, 0, 0, 0, 0, 0, 0, 0, 0, 0, 0, 0, 0, 0, 0, 0, 0, 0, 0, 0, 0, 0, 0, 0, 0, 0, 0, 0, 0, 0, 0, 0, 0, 0, 0, 0, 0, 0, 0, 0, 0, 0, 0, 0, 0, 0, 0, 0, 0, 0, 0, 0, 0, 0, 0, 0, 0, 0, 0, 0, 0, 0, 0, 0, 0, 0, 0, 0, 0, 0, 0, 0, 0, 0, 0, 0, 0, 0, 0, 0, 0, 0, 0, 0, 0, 0, 0, 0, 0, 0, 0, 0, 0, 0, 0, 0, 0, 0, 0, 0, 0, 0, 0, 0, 0, 0, 0, 0, 0, 0, 0, 0, 0, 0, 0, 0, 0, 0, 0, 0, 0, 0, 0, 0, 0, 0, 0, 0, 0, 0, 0, 0, 0, 0, 0, 0, 0, 0, 0, 0, 0, 0, 0, 0, 0, 0, 0, 0, 0, 0, 0, 0, 0, 0, 0, 0, 0, 0, 0, 0, 0, 0, 0, 0, 0, 0, 0, 0, 0, 0, 0, 0, 0, 0, 0, 0, 0, 0, 0, 0, 0, 0, 0, 0, 0, 0, 0, 0, 0, 0, 0, 0, 0, 0, 0, 0, 0, 0, 0, 0, 0, 0, 0, 0, 0, 0, 0, 0, 0, 0, 0, 0, 0, 0, 0, 0, 0, 0, 0, 0, 0, 0, 0, 0, 0, 0, 0, 0, 0, 0, 0, 0, 0, 0, 0, 0, 0, 0, 0, 0, 0, 0, 0, 0, 0, 0, 0, 0, 0, 0, 0, 0, 0, 0, 0, 0, 0, 0, 0, 0, 0, 0, 0, 0, 0, 0, 0, 0, 0, 0, 0, 0, 0, 0, 0, 0, 0, 0, 0, 0, 0, 0, 0, 0, 0, 0, 0, 0, 0, 0, 0, 0, 0, 0, 0, 0, 0, 0, 0, 0, 0, 0, 0, 0, 0, 0, 0, 0, 0, 0, 0, 0, 0, 0, 0, 0, 0, 0, 0, 0, 0, 0, 0, 0, 0, 0, 0, 0, 0, 0, 0, 0, 0, 0, 0, 0, 0, 0, 0, 0, 0, 0, 0, 0, 0, 0, 0, 0, 0, 0, 0, 0, 0, 0, 0, 0, 0, 0, 0, 0, 0, 0, 0, 0, 0, 0, 0, 0, 0, 0, 0, 0, 0, 0, 0, 0, 0, 0, 0, 0, 0, 0, 0, 0, 0, 0, 0, 0, 0, 0, 0, 0, 0, 0, 0, 0, 0, 0, 0, 0, 0, 0, 0, 0, 0, 0, 0, 0, 0, 0, 0, 0, 0, 0, 0, 0, 0, 0, 0, 0, 0, 0, 0, 0, 0, 0, 0, 0, 0, 0, 0, 0, 0, 0, 0, 0, 0, 0, 0, 0, 0, 0, 0, 0, 0, 0, 0, 0, 0, 0, 0, 0, 0, 0, 0, 0, 0, 0, 0, 0, 0, 0, 0, 0, 0, 0, 0, 0, 0, 0, 0, 0, 0, 0, 0, 0, 0, 0, 0, 0, 0, 0, 0, 0, 0, 0, 0, 0, 0, 0, 0, 0, 0, 0, 0, 0, 0, 0, 0, 0, 0, 0, 0, 0, 0, 0, 0, 0, 0, 0, 0, 0, 0, 0, 0, 0, 0, 0, 0, 0, 0, 0, 0, 0, 0, 0, 0, 0, 0, 0, 0, 0, 0, 0, 0, 0, 0, 0, 0, 0, 0, 0, 0, 0, 0, 0, 0, 0, 0, 0, 0, 0, 0, 0, 0, 0, 0, 0, 0, 0, 0, 0, 0, 0, 0, 0, 0, 0, 0, 0, 0, 0, 0, 0, 0, 0, 0, 0, 0, 0, 0, 0, 0, 0, 0, 0, 0, 0, 0, 0, 0, 0, 0, 0, 0, 0, 0, 0, 0, 0, 0, 0, 0, 0, 0, 0, 0, 0, 0, 0, 0, 0, 0, 0, 0, 0, 0, 0, 0, 0, 0, 0, 0, 0, 0, 0, 0, 0, 0, 0, 0, 0, 0, 0, 0, 0, 0, 0, 0, 0, 0, 0, 0, 0, 0, 0, 0, 0, 0, 0, 0, 0, 0, 0, 0, 0, 0, 0, 0, 0, 0, 0, 0, 0, 0, 0, 0, 0, 0, 0, 0, 0, 0, 0, 0, 0, 0, 0, 0, 0, 0, 0, 0, 0, 0, 0, 0, 0, 0, 0, 0, 0, 0, 0, 0, 0, 0, 0, 0, 0, 0, 0, 0, 0, 0, 0, 0, 0, 0, 0, 0, 0, 0, 0, 0, 0, 0, 0, 0, 0, 0, 0, 0, 0, 0, 0, 0, 0, 0, 0, 0, 0, 0, 0, 0, 0, 0, 0, 0, 0, 0, 0, 0, 0, 0, 0, 0, 0, 0, 0, 0, 0, 0, 0, 0, 0, 0, 0, 0, 0, 0, 0, 0, 0, 0, 0, 0, 0, 0, 0, 0, 0, 0, 0, 0, 0, 0, 0, 0, 0, 0, 0, 0, 0, 0, 0, 0, 0, 0, 0, 0, 0, 0, 0, 0, 0, 0, 0, 0, 0, 0, 0, 0, 0, 0, 0, 0, 0, 0, 0, 0, 0, 0, 0, 0, 0, 0, 0, 0, 0, 0, 0, 0, 0, 0, 0, 0, 0, 0, 0, 0, 0, 0, 0, 0, 0, 0, 0, 0, 0, 0, 0, 0, 0, 0, 0, 0, 0, 0, 0, 0, 0, 0, 0, 0, 0, 0, 0, 0, 0, 0, 0, 0, 0, 0, 0, 0, 0, 0, 0, 0, 0, 0, 0, 0, 0, 0, 0, 0, 0, 0, 0, 0, 0, 0, 0, 0, 0, 0, 0, 0, 0, 0, 0, 0, 0, 0, 0, 0, 0, 0, 0, 0, 0, 0, 0, 0, 0, 0, 0, 0, 0, 0, 0, 0, 0, 0, 0, 0, 0, 0, 0, 0, 0, 0, 0, 0, 0, 0, 0, 0, 0, 0, 0, 0, 0, 0, 0, 0, 0, 0]}

[frame.VideoMediaFrame().GetVideoFrame().ExtendedProperties()]
{Subset of frame.Properties()}

[frame.Format().Properties()]
{C21B8EE5-B956-4071-8DAF-325EDF5CAB11} : MF_MT_VIDEO_NOMINAL_RANGE     : Windows.Foundation.IReference`1<UInt32>     => 1
{D2E7558C-DC1F-403F-9A72-D28BB1EB3B5E} : MF_MT_FRAME_RATE_RANGE_MIN    : Windows.Foundation.IReference`1<UInt64>     => 128849018881
{DAD3AB78-1990-408B-BCE2-EBA673DACC10} : MF_MT_SAMPLE_SIZE             : Windows.Foundation.IReference`1<UInt32>     => 3440640
{C6376A1E-8D0A-4027-BE45-6D9A0AD39BB6} : MF_MT_PIXEL_ASPECT_RATIO      : Windows.Foundation.IReference`1<UInt64>     => 4294967297
{E3371D41-B4CF-4A05-BD4E-20B88BB2C4D6} : MF_MT_FRAME_RATE_RANGE_MAX    : Windows.Foundation.IReference`1<UInt64>     => 128849018881
{48EBA18E-F8C9-4687-BF11-0A74C9F96A8F} : MF_MT_MAJOR_TYPE              : Windows.Foundation.IReference`1<Guid>       => {73646976-0000-0010-8000-00aa00389b71}
{C9173739-5E56-461C-B713-46FB995CB95F} : MF_MT_ALL_SAMPLES_INDEPENDENT : Windows.Foundation.IReference`1<UInt32>     => 1
{3E23D450-2C75-4D25-A00E-B91670D12327} : MF_MT_YUV_MATRIX              : Windows.Foundation.IReference`1<UInt32>     => 2
{644B4E48-1E02-4516-B0EB-C01CA9D49AC6} : MF_MT_DEFAULT_STRIDE          : Windows.Foundation.IReference`1<UInt32>     => 1920
{5FB0FCE9-BE5C-4935-A811-EC838F8EED93} : MF_MT_TRANSFER_FUNCTION       : Windows.Foundation.IReference`1<UInt32>     => 5
{C459A2E8-3D2C-4E44-B132-FEE5156C7BB0} : MF_MT_FRAME_RATE              : Windows.Foundation.IReference`1<UInt64>     => 128849018881
{E2724BB8-E676-4806-B4B2-A8D6EFB44CCD} : MF_MT_INTERLACE_MODE          : Windows.Foundation.IReference`1<UInt32>     => 2
{DBFBE4D7-0740-4EE0-8192-850AB0E21935} : MF_MT_VIDEO_PRIMARIES         : Windows.Foundation.IReference`1<UInt32>     => 5
{20332624-FB0D-4D9E-BD0D-CBF6786C102E} : MF_MT_AVG_BITRATE             : Windows.Foundation.IReference`1<UInt32>     => 797099810
{F7E34C9A-42E8-4714-B74B-CB29D72C35E5} : MF_MT_SUBTYPE                 : Windows.Foundation.IReference`1<Guid>       => {3231564e-0000-0010-8000-00aa00389b71}
{73D1072D-1870-4174-A063-29FF4FF6C11E} : MF_MT_AM_FORMAT_TYPE          : Windows.Foundation.IReference`1<Guid>       => {f72a76a0-eb0a-11d0-ace4-0000c0cc16ba}
{1652C33D-D6B2-4012-B834-72030849A37D} : MF_MT_FRAME_SIZE              : Windows.Foundation.IReference`1<UInt64>     => 8246337209400
{B8EBEFAF-B718-4E04-B0A9-116775E3321B} : MF_MT_FIXED_SIZE_SAMPLES      : Windows.Foundation.IReference`1<UInt32>     => 1
{6CD8CF3B-6443-48BE-8BC2-01A278E79897} : ?                             : Windows.Foundation.IReference`1<UInt32>     => 1
{86B6ADBB-3735-447D-BEE5-6FC23CB58D4A} : ? (intrinsics?)               : Windows.Foundation.IReferenceArray`1<UInt8> => {48, [1, 0, 0, 0, 128, 7, 0, 0, 56, 4, 0, 0, 127, 174, 183, 68, 113, 245, 183, 68, 56, 85, 108, 68, 19, 205, 255, 67, 0, 0, 0, 0, 0, 0, 0, 0, 0, 0, 0, 0, 0, 0, 0, 0, 0, 0, 0, 0]} float, close but not the same as CameraIntrinsics(), 3 garbage? followed by intrinsics (fx, fy, cx, cy) followed by 5 zeros, constant
